3680.12 3668.05 3654.25 3617.61 3594.38 3563.41
3678.48 3665.02 3651.01 3613.11 3589.11 3560.35
3677.23 3663.35 3648.63 3608.95 3584.49 3557.42
3676.44 3662.56 3646.79 3605.92 3583.02 3557.52
3676.76 3665.27 3644.88 3606.11 3584.71 3571.61
3682.19 3672.19 3642.98 3615.39 3587.01 3598.06
3682.86 3671.37 3637.35 3613.64 3583.07 3607.73
3681.12 3667.81 3630.83 3607.32 3575.85 3604.96
3678.71 3665.45 3627.11 3604.11 3571.07 3602.21
3676.96 3663.47 3625.59 3602.92 3570.71 3602.31
3674.93 3661.25 3623.98 3601.24 3569.69 3602.65
3671.59 3658.07 3621.65 3598.82 3565.73 3600.14




